,11-

stampe in 00101110, 0010, 001 10010, 101000 00111111-
0010 10110 10 00010 001 1100110 Α, meno· 10 0111010
0000110 furano 0000110010 001 15590001 1559 0
1101011101, 0010 0011 01010 0000010 necato verso
111559.

Ρ100000010100010 001010 110010οῑ0 0110 quanto
101010 001 Noviomago (De 00100110 libri 00010
01010 stampato 001 1539 0-0000000110010010 001 1544.

80110000 100010001Ιο 0000110011000 000 1100111
0110110100010, 0010110, 00100 0 01010 00110, 0011000111-
01010 10 000100 100000 11 110010001110 0 l’ ultima
“ pagina 0 00110110100010 11101100, 0010 01000 01101-
10010 0110 11 111110 01 0111 01 110110 0 010101001100010
composta 0091010001 Bnnnchorat (0 000110 10 011100
volta' 0050110010) 1101 1539. Ε 001 verita, 11011011
00011101 110011011 0011Ἀ., 00110 pagina 0110 0100000
quella sagnata al margine 101011010οο0 D, 001 1110-
01101010 1000100001011000 001 numeri 00110 figure
0010010110, vi 0 000110 11 0000011101
Anno 0 011010 000100 0110 11010 ...Π-,ε 1539.

Enon mi 1100110 0110 00001 operetta 010 01010
1001 00 01011110 11000110, 1110011010 0 001001100100010
0000010, 0010110 00010110 1101010 011010 01101010
0000000 001 00111110110110 110 0001010011.

Το110 010 010100οε0, 0110 0001011000010 0110, 001-
l'attento 000100 01 quest' 00010, 10 110 11110110 000
vera 000010000100011001100 00 011000111οΙ0 000-

 

