—81-

114 (101 dividendo 11 (00010 0111100 insieme 00131000-
1100101 0000010 0100000010010010 00010 11 7 101100 11
0010010 34 (decine); 01011 4 10 34 0108 10110 ed
01000000 2; 001110 0110 0110 (100110 (111 (1000 10 se·
101001001001 0 001110 11 10010002 sopra 11 4 (101 (11-

videndo ; (1000 01010 00000110 un segne 11001010010

0001011 dividendo 00101010 34, perche 010101 00010
00100 0010, 01 110000110 11 divisore 4 (11 un 01110
00010 10100 (1001100 0100100010010 00110 1’8 (101 (11-
videndo, Ora, 1110100110 1110010οο 2 0110 0000000110
figura 0 (100110 (101 dividendi), direm0: 1141028
0107 10110 000110010010, 0110 01 001110 0110 (100110 (11
8 (1000 10 111100 01011010, formando 0001 11 0010010
187 0110 1000100001011 1101111010 (10110 (1111010110 (00010
0000010010) 00110 (101 000110 Α. 101100010010 e 01110-
01010 productus.

0000100110010010 11 0000 001 00010 e 01000010 10
(111101000 (101 0001010 8238 001 11 0010010 27. - Si
colloca 1127 00110010100010 00110 82 0 0100010 00110
seguente 1000101οε 11 2 10 8 010410110, 10011 7 10
10 2 000 1010 4 10110, 001 001100000000 bisogna di-
scendere 01 3 (10110) dicende: 112 10 8 010310110
00010010 uguale a 2 0110 01 001110 0001010 figura
8del dividendo ; 11 7 10 22 010 01110 310110 000
10010 0311010001 1 0110 01001110 00010112 (101(1111-
dendo ; 0110 (100110 (101 dividendo (1000 1011000 01-
00010 001110 01 00010 (101 1101111010 11 3. 110110 010, 01
1100001ῑο 11 (11110010 10100 (100110 000 (11 un 00010

 

